OSGB Adý;Ticari Ünvan;Yetkili Ýletiþim;Adres;Ýl;Ýlçe;Telefon;E-posta
Anadolu OSGB;Anadolu OSGB;;;;;;
KASS OSGB;KASS OSGB;;;;;;
Lider OSGB;Lider OSGB;;;;;;
Modern Teknik Týp OSGB;Modern Teknik Týp OSGB;;;;;;
Özhan Erkal OSGB;Özhan Erkal OSGB;;;;;;
Öztürk OSGB;Öztürk OSGB;;;;;;
Sare OSGB;Sare OSGB;;;;;;
